
## first_bloom · wet   (seedOut → cold → flood → cold → heat → salt → earlyMat → seedOut)
  policy                                   won   win s (range)          1st buy  clicks  specs local/global  earned@60/120/180    cov%@60/120/180  originEst@30/60/120/180
  balanced                                 8/8    344.8 [334.6,359.8]      86.8      0     0     0/1030     93.1 213.6 395.7   17.3 33.7 41.9   0.12 0.38 0.74 0.89
  originRoots                              8/8      351 [324,368.2]        85.9      1     0     0/1030     93.1 220.3 407.2   18.3 34.4 42.1   0.23 0.68 0.96 1.00
  originLeaves                             8/8    321.1 [308,334.9]        94.1      1     0     0/1030     79.6 200.6   421   10.3 30.4 41.3   0.08 0.24 0.65 0.85
  originSeeds                              8/8    362.5 [340.6,384.5]      87.1      1     0     0/1030     91.8 219.3 382.2   20.3   35 41.8   0.18 0.47 0.78 0.91
  leavesEverywhere                         8/8    326.7 [318.6,343.5]      92.6      7     0     0/1051.3   82.5 200.6 398.1    9.7 22.9 38.3   0.08 0.24 0.65 0.85
  rootsEverywhere                          8/8    340.7 [314.1,367.7]      82.3      7     0     0/1030     93.2 252.8 434.5   18.6 35.3 44.4   0.23 0.68 0.96 1.00
  seedsEverywhere                          8/8    395.2 [358.2,416.5]      85.3      7     0     0/1030     99.7 217.4 367.1     24 35.3 42.8   0.19 0.47 0.78 0.91
  situational                              8/8    283.6 [271.7,295.5]        81   30.4     0     0/1030     91.9 270.1 508.2     19 35.3 47.7   0.23 0.55 0.81 0.92
  situationalSeedFirst                     8/8    275.9 [255.5,291.7]      75.1   33.1     0     0/1030      105 293.6 548.2     24 36.3 51.1   0.19 0.48 0.78 0.91
  originRootsThenLeaves                    8/8    298.1 [274.4,316]        77.3      2     0     0/1030     96.4 277.1 501.1   18.1 34.7 47.1   0.23 0.54 0.81 0.92
  misplaced                                8/8    414.2 [394.7,451.5]      93.4   36.4     0     0/1030     82.5 188.5 331.8    9.7 22.7 36.4   0.08 0.24 0.74 0.90
  balanced+canopyOrigin                    8/8    332.1 [320,347.5]       117.2      0     1    90/1030     93.2 238.9 465.9   17.3 31.2 39.3   0.12 0.38 0.74 0.89
  situational+canopyOrigin                 8/8    268.8 [256.6,276.5]     102.3   30.1     1    90/1030     92.9 318.8 622.4     19 35.2 46.1   0.23 0.55 0.81 0.92
  situational+canopyThenReserve            8/8    268.8 [256.6,276.5]     102.3   30.1     1    90/1030     92.9 318.8 622.4     19 35.2 46.1   0.23 0.55 0.81 0.92
  situational+rootNetworkOrigin            8/8    297.9 [288.2,312.8]       108   30.6     1    90/1030       92   283 531.5     19 35.1 42.7   0.23 0.57 0.97 1.00
  situational+everywhere                   8/8    379.1 [336.8,426.2]     106.4     31   4.9 818.8/1030     92.6 295.6 593.5     19 35.2 38.4   0.23 0.55 0.81 0.92

## first_bloom · terraformWater   (seedOut → heat → salt → cold → humid → humid)
  policy                                   won   win s (range)          1st buy  clicks  specs local/global  earned@60/120/180    cov%@60/120/180  originEst@30/60/120/180
  balanced                                 8/8    356.7 [344.6,363.7]      86.8      0     0     0/1100     93.1 213.6 384.8   17.3 33.7 38.1   0.12 0.38 0.74 0.89
  originRoots                              8/8    363.4 [335.5,376.3]      85.9      1     0     0/1100     93.1 220.3 390.2   18.3 34.4 38.6   0.23 0.68 0.96 1.00
  originLeaves                             8/8    331.4 [317.3,341.9]      94.1      1     0     0/1100     79.6 200.6   416   10.3 30.4 37.2   0.08 0.24 0.65 0.85
  originSeeds                              8/8    371.6 [339.7,405.3]      87.1      1     0     0/1100     91.8 219.3 385.5   20.3   35 38.5   0.18 0.47 0.78 0.91
  leavesEverywhere                         8/8    334.5 [322.4,342.4]      92.6      7     0     0/1100     82.5 200.6 404.9    9.7 22.9 35.2   0.08 0.24 0.65 0.85
  rootsEverywhere                          8/8    342.7 [319.7,368.8]      82.3      7     0     0/1100     93.2 252.8 449.2   18.6 35.3 40.6   0.23 0.68 0.96 1.00
  seedsEverywhere                          8/8      408 [366.1,432.2]      85.3      7     0     0/1100     99.7 217.4 372.2     24 35.3 39.7   0.19 0.47 0.78 0.91
  situational                              8/8    291.7 [281.4,300.6]        81   30.3     0     0/1100     91.9 269.9   519     19 35.3 42.2   0.23 0.55 0.81 0.92
  situationalSeedFirst                     8/8    283.9 [266.9,301.1]      75.1   29.5     0     0/1100      105 292.2 540.2     24 35.5 50.1   0.19 0.48 0.78 0.91
  originRootsThenLeaves                    8/8    311.4 [299.8,326.7]      77.3      2     0     0/1100     96.4 277.1 503.6   18.1 34.5 41.9   0.23 0.54 0.81 0.92
  misplaced                                8/8    426.1 [385.3,466.9]      93.4   40.5     0     0/1100     82.5 188.5 326.7    9.7 22.7 34.9   0.08 0.24 0.74 0.90
  balanced+canopyOrigin                    8/8    342.4 [328.8,349.1]     117.2      0     1    90/1100     93.2 238.9 464.1   17.3 31.2 36.1   0.12 0.38 0.74 0.89
  situational+canopyOrigin                 8/8    277.7 [268.3,291]       102.3   30.3     1    90/1100     92.9 318.8 618.1     19 35.2   42   0.23 0.55 0.81 0.92
  situational+canopyThenReserve            8/8    277.7 [268.3,291]       102.3   30.3     1    90/1100     92.9 318.8 618.1     19 35.2   42   0.23 0.55 0.81 0.92
  situational+rootNetworkOrigin            8/8    309.3 [290.7,323.5]       108   30.6     1    90/1100       92   283 537.5     19 35.1 37.6   0.23 0.57 0.97 1.00
  situational+everywhere                   8/8    379.8 [355,410.7]       106.4   30.1     5   850/1100     92.6 295.6 594.7     19 35.2 36.2   0.23 0.55 0.81 0.92

## oa_seed_13 (attempt 6, Eos-227) · strategy1   (witness strategy recipe)
  policy                                   won   win s (range)          1st buy  clicks  specs local/global  earned@60/120/180    cov%@60/120/180  originEst@30/60/120/180
  balanced                                 6/6    529.4 [428.6,608.6]      83.7      0     0     0/650      96.7 197.5 307.5   13.3 13.7 13.8   0.15 0.35 0.65 0.81
  originRoots                              6/6      547 [482.6,624.6]      88.9      1     0     0/650      91.7 201.3 287.3   13.7 13.7 13.7   0.30 0.65 0.92 0.98
  originLeaves                             6/6    532.5 [414.1,712]        91.4      1     0     0/650        94   195 323.3   11.6 13.7 14.6   0.12 0.28 0.60 0.78
  originSeeds                              6/6    543.9 [487.8,641.3]      81.1      1     0     0/650     107.9   192 277.8   13.7 13.7 13.7   0.19 0.40 0.67 0.82
  leavesEverywhere                         6/6      553 [427.5,628.8]      91.4   11.7     0     0/650        94   195 321.2   11.6 13.7 14.1   0.12 0.28 0.60 0.78
  rootsEverywhere                          6/6    563.4 [423.8,747.4]      88.9     12     0     0/650      91.7 201.3 287.3   13.7 13.7 13.7   0.30 0.65 0.92 0.98
  seedsEverywhere                          6/6    476.1 [459.8,503.2]      81.1   11.3     0     0/650     107.9   192 277.8   13.7 13.7 13.7   0.19 0.40 0.67 0.82
  situational                              6/6    450.4 [369.6,530.6]      75.5   32.7     0     0/650     102.6 236.6 351.9   13.7 13.7 15.7   0.30 0.53 0.74 0.86
  situationalSeedFirst                     6/6    426.4 [343,458.6]        74.2   42.2     0     0/650     113.2 234.1 348.8   13.7 13.7 13.9   0.19 0.46 0.70 0.84
  originRootsThenLeaves                    6/6    509.9 [432.3,656.5]        76      2     0     0/650       105 234.6   358   13.6 13.7   14   0.30 0.52 0.74 0.86
  misplaced                                6/6    616.1 [518.4,751.5]      95.8   32.2     0     0/650        94 170.4 245.9   11.6 13.7 13.7   0.12 0.28 0.63 0.80
  balanced+canopyOrigin                    6/6    510.7 [446.9,581.8]     109.1      0     1    90/650      96.7 208.2 342.1   13.3 13.7 13.7   0.15 0.35 0.65 0.81
  situational+canopyOrigin                 6/6    430.6 [380.8,466.4]     109.4   34.2     1    90/650     104.5 266.6 417.7   13.7 13.7   14   0.30 0.53 0.74 0.86
  situational+canopyThenReserve            6/6    427.4 [386.7,488]       109.4   34.5     2   220/650     104.5 266.6 417.7   13.7 13.7   14   0.30 0.53 0.74 0.86
  situational+rootNetworkOrigin            6/6    459.8 [409.4,499.8]     116.4   32.8     1    90/650     102.8 241.9 367.9   13.7 13.7 13.7   0.30 0.57 0.93 0.99
  situational+everywhere                   6/6    528.7 [437.4,612]       110.1   33.8   4.2 648.3/650     103.9 261.3 410.2   13.7 13.7   14   0.30 0.53 0.74 0.86

## oa_seed_13 (attempt 6, Eos-227) · strategy2   (witness strategy recipe)
  policy                                   won   win s (range)          1st buy  clicks  specs local/global  earned@60/120/180    cov%@60/120/180  originEst@30/60/120/180
  balanced                                 6/6      441 [398.4,470.9]      83.7      0     0     0/670      96.7 197.5 307.5   13.3 13.7 13.8   0.15 0.35 0.65 0.81
  originRoots                              6/6      452 [402.2,517.8]      88.9      1     0     0/670      91.7 201.3 287.3   13.7 13.7 13.7   0.30 0.65 0.92 0.98
  originLeaves                             6/6    415.5 [355.5,484]        91.4      1     0     0/670        94   195 323.3   11.6 13.7 14.6   0.12 0.28 0.60 0.78
  originSeeds                              6/6    476.7 [423,520.2]        81.1      1     0     0/670     107.9   192 277.8   13.7 13.7 13.7   0.19 0.40 0.67 0.82
  leavesEverywhere                         6/6    449.3 [407.8,484.2]      91.4    9.3     0     0/670        94   195 321.2   11.6 13.7 14.1   0.12 0.28 0.60 0.78
  rootsEverywhere                          6/6    438.2 [385.4,522.2]      88.9    9.3     0     0/670      91.7 201.3 287.3   13.7 13.7 13.7   0.30 0.65 0.92 0.98
  seedsEverywhere                          6/6    448.3 [393.4,484.8]      81.1    9.7     0     0/670     107.9   192 277.8   13.7 13.7 13.7   0.19 0.40 0.67 0.82
  situational                              6/6    398.2 [357.8,446.2]      75.5   21.5     0     0/670     102.6 236.6 351.9   13.7 13.7 15.7   0.30 0.53 0.74 0.86
  situationalSeedFirst                     6/6    376.7 [327,430.9]        74.2     28     0     0/670     113.2 234.1 348.8   13.7 13.7 13.9   0.19 0.46 0.70 0.84
  originRootsThenLeaves                    6/6    395.4 [382.6,407.8]        76      2     0     0/670       105 234.6   358   13.6 13.7   14   0.30 0.52 0.74 0.86
  misplaced                                6/6    529.2 [481.1,573.9]      95.8   25.3     0     0/670        94 170.4 245.9   11.6 13.7 13.7   0.12 0.28 0.63 0.80
  balanced+canopyOrigin                    6/6    417.1 [382.2,441.1]     109.1      0     1    90/670      96.7 208.2 342.1   13.3 13.7 13.7   0.15 0.35 0.65 0.81
  situational+canopyOrigin                 6/6      376 [337.9,427.5]     109.4   22.5     1    90/670     104.5 266.6 417.7   13.7 13.7   14   0.30 0.53 0.74 0.86
  situational+canopyThenReserve            6/6    375.5 [337.9,428.5]     109.4   22.5   1.5   155/670     104.5 266.6 417.7   13.7 13.7   14   0.30 0.53 0.74 0.86
  situational+rootNetworkOrigin            6/6    439.9 [404.8,485.8]     116.4     22     1    90/670     102.8 241.9 367.9   13.7 13.7 13.7   0.30 0.57 0.93 0.99
  situational+everywhere                   6/6    545.7 [466.9,632.2]     110.1     22     4 606.7/670     103.9 261.3 410.2   13.7 13.7   14   0.30 0.53 0.74 0.86

## oa_seed_8 (attempt 1, Coriol-220) · strategy1   (witness strategy recipe)
  policy                                   won   win s (range)          1st buy  clicks  specs local/global  earned@60/120/180    cov%@60/120/180  originEst@30/60/120/180
  balanced                                 6/6    507.8 [477.9,563]        78.9      0     0     0/660     106.4 217.9 336.7   17.4 31.6 38.2   0.30 0.49 0.73 0.86
  originRoots                              6/6    478.5 [437.6,513.8]      78.6      1     0     0/660     111.8 221.8   335   17.4 31.6 39.1   0.56 0.80 0.96 0.99
  originLeaves                             6/6      468 [378.7,605.6]      73.3      1     0     0/660     112.5 240.3 377.9   15.8 31.6 40.3   0.30 0.49 0.73 0.85
  originSeeds                              6/6      487 [438.4,537.6]      85.8      1     0     0/660      88.6 199.9 309.4   17.7   30 37.5   0.30 0.49 0.73 0.86
  leavesEverywhere                         6/6    572.6 [494.6,728.2]        71   10.3     0     0/660     123.8   246 376.1     11 25.4 33.8   0.30 0.49 0.73 0.85
  rootsEverywhere                          6/6    460.5 [430.1,480.6]      68.2    9.2     0     0/660       125 224.5 340.6   19.5 34.4 38.7   0.56 0.80 0.96 0.99
  seedsEverywhere                          6/6    474.9 [433.8,551.2]      93.6   11.3     0     0/660      93.4 192.6 283.2   24.5 36.6 38.1   0.30 0.49 0.73 0.86
  situational                              6/6    378.5 [350.1,414.4]      62.2   26.2     0     0/660     135.2 264.8 441.1   19.9 35.2 41.8   0.48 0.62 0.80 0.89
  situationalSeedFirst                     6/6    346.4 [293.4,376]          70   28.2     0     0/660     118.5 262.3 445.1   24.5 37.3 41.8   0.44 0.59 0.78 0.89
  originRootsThenLeaves                    6/6    540.7 [453.1,659]        68.9      2     0     0/660     124.2 245.7 390.1   17.8 31.4 40.9   0.48 0.62 0.80 0.89
  misplaced                                6/6    596.5 [512.5,691.2]      76.1   27.3     0     0/660     118.1   203 299.4     11 25.4 34.3   0.30 0.49 0.73 0.85
  balanced+canopyOrigin                    6/6      503 [434.4,591.4]     116.7      0     1    90/660     108.3 236.2 363.5   17.4 29.4 37.3   0.30 0.49 0.73 0.86
  situational+canopyOrigin                 6/6    388.3 [347.4,434.4]      97.5   26.3     1    90/660     142.2 304.5 483.4   19.2   33 40.8   0.48 0.62 0.80 0.89
  situational+canopyThenReserve            6/6    402.3 [360.8,432]        97.5   29.7     2   220/660     142.2 304.5 483.4   19.2   33 40.8   0.48 0.62 0.80 0.89
  situational+rootNetworkOrigin            6/6    415.7 [379,452.6]       104.6   27.2     1    90/660     136.1 275.5 428.3   19.2 32.9   38   0.48 0.76 0.96 0.99
  situational+everywhere                   6/6    481.9 [448.3,528.5]      97.5   26.7   4.5   725/660     142.2 304.5   491   19.2   33 37.3   0.48 0.62 0.80 0.89

## oa_seed_8 (attempt 1, Coriol-220) · strategy2   (witness strategy recipe)
  policy                                   won   win s (range)          1st buy  clicks  specs local/global  earned@60/120/180    cov%@60/120/180  originEst@30/60/120/180
  balanced                                 6/6      520 [489.9,593]        78.9      0     0     0/710     106.4 217.9 336.7   17.4 31.6 38.2   0.30 0.49 0.73 0.86
  originRoots                              6/6    513.2 [491.8,553.9]      78.6      1     0     0/710     111.8 221.8   335   17.4 31.6 39.1   0.56 0.80 0.96 0.99
  originLeaves                             6/6    487.5 [407.8,627.5]      73.3      1     0     0/710     112.5 240.3 377.9   15.8 31.6 40.3   0.30 0.49 0.73 0.85
  originSeeds                              6/6    511.9 [486.1,542.1]      85.8      1     0     0/710      88.6 199.9 309.4   17.7   30 37.5   0.30 0.49 0.73 0.86
  leavesEverywhere                         6/6    622.5 [528,752.5]          71     11     0     0/710     123.8   246 376.1     11 25.4 33.8   0.30 0.49 0.73 0.85
  rootsEverywhere                          6/6    489.2 [453.4,526.4]      68.2    9.8     0     0/710       125 224.5 340.6   19.5 34.4 38.7   0.56 0.80 0.96 0.99
  seedsEverywhere                          6/6    504.1 [473.1,545.1]      93.6   11.5     0     0/710      93.4 192.6 283.2   24.5 36.6 38.1   0.30 0.49 0.73 0.86
  situational                              6/6    406.6 [349.3,454.7]      62.2   27.2     0     0/710     135.2 264.8 441.1   19.9 35.2 41.8   0.48 0.62 0.80 0.89
  situationalSeedFirst                     6/6    405.7 [370.7,445.3]        70   30.7     0     0/710     118.5 262.3 445.1   24.5 37.3 41.8   0.44 0.59 0.78 0.89
  originRootsThenLeaves                    6/6      553 [432.5,685]        68.9      2     0     0/710     124.2 245.7 390.1   17.8 31.4 40.9   0.48 0.62 0.80 0.89
  misplaced                                6/6    649.4 [589.4,705.9]      76.1   28.7     0     0/710     118.1   203 299.4     11 25.4 34.3   0.30 0.49 0.73 0.85
  balanced+canopyOrigin                    6/6      533 [490.6,631]       116.7      0     1    90/710     108.3 236.2 363.5   17.4 29.4 37.3   0.30 0.49 0.73 0.86
  situational+canopyOrigin                 6/6    415.4 [383.7,485.9]      97.5   27.7     1    90/710     142.2 304.5 483.4   19.2   33 40.8   0.48 0.62 0.80 0.89
  situational+canopyThenReserve            6/6    422.5 [399.8,443.5]      97.5   29.8     2   220/710     142.2 304.5 483.4   19.2   33 40.8   0.48 0.62 0.80 0.89
  situational+rootNetworkOrigin            6/6      454 [385.4,525.8]     104.6   27.3     1    90/710     136.1 275.5 428.3   19.2 32.9   38   0.48 0.76 0.96 0.99
  situational+everywhere                   6/6    502.8 [467.5,524.3]      97.5     26   4.5   725/710     142.2 304.5   491   19.2   33 37.3   0.48 0.62 0.80 0.89

## desert_seed_25 (attempt 0, Umbra-584) · strategy1   (witness strategy recipe)
  policy                                   won   win s (range)          1st buy  clicks  specs local/global  earned@60/120/180    cov%@60/120/180  originEst@30/60/120/180
  balanced                                 6/6    478.9 [437.9,520.2]      79.1      0     0     0/550     106.5 210.5 308.8    4.7  4.7  6.4   0.23 0.46 0.72 0.86
  originRoots                              6/6    494.8 [469.1,529.4]      84.5      1     0     0/550     108.7 197.4 297.5    4.7  4.7  5.4   0.45 0.77 0.96 0.99
  originLeaves                             6/6    446.8 [429.8,466.1]      78.2      1     0     0/550     100.2 212.1 331.8    4.6  4.7  7.5   0.18 0.41 0.70 0.85
  originSeeds                              6/6    544.8 [500.6,579.5]      98.6      1     0     0/550     101.4   178 262.3    4.7  4.7  5.3   0.27 0.48 0.74 0.87
  leavesEverywhere                         6/6    553.5 [537.6,567.5]      78.2    8.3     0     0/550     100.2 212.1 333.4    4.6  4.7  6.2   0.18 0.41 0.70 0.85
  rootsEverywhere                          6/6      490 [470.4,505.6]      84.5    8.2     0     0/550     108.7 197.4 297.5    4.7  4.7  5.5   0.45 0.77 0.96 0.99
  seedsEverywhere                          6/6    490.6 [437,564.3]        98.6    8.3     0     0/550     101.4   178 260.2    4.7  4.7  5.6   0.27 0.48 0.74 0.87
  situational                              6/6    415.9 [408.3,426.6]      71.9   25.8     0     0/550     119.7 235.7   364    4.7  4.7  8.7   0.43 0.59 0.80 0.90
  situationalSeedFirst                     6/6    403.9 [385.6,428.2]      76.6     26     0     0/550     117.4   232 346.7    4.7  4.7  9.1   0.34 0.56 0.78 0.89
  originRootsThenLeaves                    6/6      429 [399.5,457]        70.7      2     0     0/550     119.8 233.7 363.6    4.7  4.7  8.3   0.43 0.59 0.80 0.90
  misplaced                                6/6    651.8 [600.5,704]        90.7   33.2     0     0/550      99.4 178.6 256.2    4.6  4.7  4.7   0.18 0.41 0.70 0.85
  balanced+canopyOrigin                    6/6      483 [437.4,516.8]     122.4      0     1    90/550     107.6 231.5 356.8    4.7  4.7  5.1   0.23 0.46 0.72 0.86
  situational+canopyOrigin                 6/6    407.9 [395,420.3]       104.3   26.3     1    90/550     124.7 270.4 423.9    4.7  4.7  6.4   0.43 0.59 0.80 0.90
  situational+canopyThenReserve            6/6    407.9 [395,420.3]       104.3   26.3     1    90/550     124.7 270.4 423.9    4.7  4.7  6.4   0.43 0.59 0.80 0.90
  situational+rootNetworkOrigin            6/6    469.5 [462.1,477.4]     113.5   25.2     1    90/550     120.4 240.1 373.2    4.7  4.7  4.8   0.43 0.70 0.96 0.99
  situational+everywhere                   6/6    458.4 [435.5,476.8]     104.3   26.3     5   850/550     124.7 270.4 423.9    4.7  4.7  6.4   0.43 0.59 0.80 0.90
  situational+rootNetworkMarginal          6/6    410.7 [405,416.3]        71.9   25.8     1    90/550     119.7 235.7   364    4.7  4.7  8.7   0.43 0.59 0.80 0.90
  situational+seedReserveFrontier          6/6    442.3 [410.6,484.8]      71.9   25.8     1    90/550     119.7 235.7   364    4.7  4.7  8.7   0.43 0.59 0.80 0.90
  balanced+rootNetworkMarginal             6/6    472.4 [436.3,509]        79.1      0     1    90/550     106.5 210.5 308.8    4.7  4.7  6.4   0.23 0.46 0.72 0.86

## desert_seed_25 (attempt 0, Umbra-584) · strategy2   (witness strategy recipe)
  policy                                   won   win s (range)          1st buy  clicks  specs local/global  earned@60/120/180    cov%@60/120/180  originEst@30/60/120/180
  balanced                                 6/6    458.4 [417,487.4]        79.1      0     0     0/840     106.5 210.5 308.8    4.7  4.7  6.4   0.23 0.46 0.72 0.86
  originRoots                              6/6    479.2 [447.5,519.8]      84.5      1     0     0/840     108.7 197.4 297.5    4.7  4.7  5.4   0.45 0.77 0.96 0.99
  originLeaves                             6/6    415.5 [387.8,448.3]      78.2      1     0     0/840     100.2 212.1 331.8    4.6  4.7  7.5   0.18 0.41 0.70 0.85
  originSeeds                              6/6    525.9 [466.9,585.1]      98.6      1     0     0/840     101.4   178 262.3    4.7  4.7  5.3   0.27 0.48 0.74 0.87
  leavesEverywhere                         6/6    493.5 [471.8,515.4]      78.2      9     0     0/840     100.2 212.1 333.4    4.6  4.7  6.2   0.18 0.41 0.70 0.85
  rootsEverywhere                          6/6    478.7 [468,486.4]        84.5    9.8     0     0/840     108.7 197.4 297.5    4.7  4.7  5.5   0.45 0.77 0.96 0.99
  seedsEverywhere                          6/6    519.1 [459.8,600.8]      98.6     10     0     0/840     101.4   178 260.2    4.7  4.7  5.6   0.27 0.48 0.74 0.87
  situational                              6/6    388.5 [382.2,398.4]      71.9   30.5     0     0/840     119.7 235.7   364    4.7  4.7  8.7   0.43 0.59 0.80 0.90
  situationalSeedFirst                     6/6    382.4 [354.1,400.5]      76.6   32.8     0     0/840     117.4   232 346.7    4.7  4.7  9.1   0.34 0.56 0.78 0.89
  originRootsThenLeaves                    6/6    401.6 [385,425.8]        70.7      2     0     0/840     119.8 233.7 363.6    4.7  4.7  8.3   0.43 0.59 0.80 0.90
  misplaced                                6/6    588.5 [565.8,619]        90.7   39.2     0     0/840      99.4 178.6 256.2    4.6  4.7  4.7   0.18 0.41 0.70 0.85
  balanced+canopyOrigin                    6/6    459.1 [409.3,498.1]     122.4      0     1    90/840     107.6 231.5 356.8    4.7  4.7  5.1   0.23 0.46 0.72 0.86
  situational+canopyOrigin                 6/6    385.5 [364.6,420.5]     104.3   30.2     1    90/840     124.7 270.4 423.9    4.7  4.7  6.4   0.43 0.59 0.80 0.90
  situational+canopyThenReserve            6/6    385.5 [364.6,420.5]     104.3   30.2     1    90/840     124.7 270.4 423.9    4.7  4.7  6.4   0.43 0.59 0.80 0.90
  situational+rootNetworkOrigin            6/6    434.8 [425.8,454.2]     113.5   32.2     1    90/840     120.4 240.1 373.2    4.7  4.7  4.8   0.43 0.70 0.96 0.99
  situational+everywhere                   6/6    488.1 [470.4,499.4]     104.3     35     4   600/840     124.7 270.4 423.9    4.7  4.7  6.4   0.43 0.59 0.80 0.90
  situational+rootNetworkMarginal          6/6    406.5 [392,431.5]        71.9   31.3     1    90/840     119.7 235.7   364    4.7  4.7  8.7   0.43 0.59 0.80 0.90
  situational+seedReserveFrontier          6/6    413.7 [391.5,433.6]      71.9   30.8     1    90/840     119.7 235.7   364    4.7  4.7  8.7   0.43 0.59 0.80 0.90
  balanced+rootNetworkMarginal             6/6    480.9 [436.3,515.2]      79.1      0     1    90/840     106.5 210.5 308.8    4.7  4.7  6.4   0.23 0.46 0.72 0.86

## desert_seed_9 (attempt 1, Borea-935) · strategy1   (witness strategy recipe)
  policy                                   won   win s (range)          1st buy  clicks  specs local/global  earned@60/120/180    cov%@60/120/180  originEst@30/60/120/180
  balanced                                 6/6    364.5 [337.1,379.2]        83      0     0     0/850       101 229.1 387.2   13.1 28.9 29.1   0.25 0.55 0.84 0.94
  originRoots                              6/6    369.8 [329.6,397.8]      79.2      1     0     0/850     103.5 245.9 402.1     14   29 29.3   0.48 0.85 0.99 1.00
  originLeaves                             6/6    338.7 [322.9,345.9]      81.4      1     0     0/850      98.1 244.8 432.2     10 28.8 29.2   0.17 0.46 0.81 0.93
  originSeeds                              6/6    394.1 [364.6,428.3]      89.9      1     0     0/850      93.5 203.8 345.6   15.8   29   29   0.32 0.59 0.85 0.95
  leavesEverywhere                         6/6      375 [359.8,394.9]        84     11     0     0/850     101.7 218.6 428.2    8.9 21.3   29   0.17 0.46 0.81 0.93
  rootsEverywhere                          6/6    361.5 [323,405.9]        79.4     11     0     0/850     107.9 226.4   392   14.7   29   29   0.48 0.85 0.99 1.00
  seedsEverywhere                          6/6    389.5 [375.7,415.4]      88.4     11     0     0/850      89.8   204 344.6   21.4   29   29   0.32 0.59 0.85 0.95
  situational                              6/6    293.9 [283.2,309.4]      75.6   36.7     0     0/850     109.9 297.8 541.1   15.2   29 32.5   0.45 0.67 0.88 0.96
  situationalSeedFirst                     6/6    278.1 [260.6,289]          79   40.5     0     0/850     102.2 283.8 515.6   20.9   29 31.7   0.32 0.61 0.86 0.95
  originRootsThenLeaves                    6/6    330.1 [305.8,347.8]        71      2     0     0/850     116.5 283.1 462.7   14.2   29 29.9   0.45 0.67 0.88 0.96
  misplaced                                6/6    484.2 [414.2,510.6]      94.7   41.3     0     0/850     100.1 174.1 290.5      9 19.4   29   0.17 0.51 0.86 0.95
  balanced+canopyOrigin                    6/6    366.7 [348.8,380.8]     116.6      0     1    90/850     103.1 241.2 430.4   13.1 28.5   29   0.25 0.55 0.84 0.94
  situational+canopyOrigin                 6/6    294.6 [279.2,309.8]      97.4   35.7     1    90/850     115.6 334.6 606.1   15.2   29   31   0.45 0.67 0.88 0.96
  situational+canopyThenReserve            6/6    294.6 [279.2,309.8]      97.4   35.7     1    90/850     115.6 334.6 606.1   15.2   29   31   0.45 0.67 0.88 0.96
  situational+rootNetworkOrigin            6/6    320.2 [296.5,341]       104.6   37.3     1    90/850     110.7   292 536.7   15.2   29 29.3   0.45 0.78 0.99 1.00
  situational+everywhere                   6/6    377.1 [357.9,393.3]     106.2   36.2     4   600/850       110 286.5 547.7   15.2   29   29   0.45 0.67 0.88 0.96
  situational+rootNetworkMarginal          6/6    293.9 [283.2,309.4]      75.6   36.7     0     0/850     109.9 297.8 541.1   15.2   29 32.5   0.45 0.67 0.88 0.96
  situational+seedReserveFrontier          6/6    312.3 [283.2,330.2]      88.4   35.8     1    90/850     109.9 288.7 526.1   15.2   29 31.3   0.45 0.67 0.88 0.96
  balanced+rootNetworkMarginal             6/6    364.5 [337.1,379.2]        83      0     0     0/850       101 229.1 387.2   13.1 28.9 29.1   0.25 0.55 0.84 0.94

## desert_seed_9 (attempt 1, Borea-935) · strategy2   (witness strategy recipe)
  policy                                   won   win s (range)          1st buy  clicks  specs local/global  earned@60/120/180    cov%@60/120/180  originEst@30/60/120/180
  balanced                                 6/6    364.4 [339.7,377.9]        83      0     0     0/920       101 229.1 387.2   13.1 28.9 29.1   0.25 0.55 0.84 0.94
  originRoots                              6/6    369.7 [331.2,393.8]      79.2      1     0     0/920     103.5 245.9 402.1     14   29 29.3   0.48 0.85 0.99 1.00
  originLeaves                             6/6    335.3 [314.9,342.4]      81.4      1     0     0/920      98.1 244.8 432.2     10 28.8 29.2   0.17 0.46 0.81 0.93
  originSeeds                              6/6    402.1 [375,430.4]        89.9      1     0     0/920      93.5 203.8 345.6   15.8   29   29   0.32 0.59 0.85 0.95
  leavesEverywhere                         6/6      355 [343.8,374.4]        84     12     0     0/920     101.7 218.6 428.2    8.9 21.3   29   0.17 0.46 0.81 0.93
  rootsEverywhere                          6/6    366.7 [329.9,410.2]      79.4     12     0     0/920     107.9 226.4   392   14.7   29   29   0.48 0.85 0.99 1.00
  seedsEverywhere                          6/6    406.8 [387.8,431.5]      88.4     12     0     0/920      89.8   204 344.6   21.4   29   29   0.32 0.59 0.85 0.95
  situational                              6/6    291.2 [281.6,304.6]      75.6   41.8     0     0/920     109.9 297.8 541.1   15.2   29 32.5   0.45 0.67 0.88 0.96
  situationalSeedFirst                     6/6      280 [270.2,291.8]        79   45.8     0     0/920     102.2 283.8 515.6   20.9   29 31.7   0.32 0.61 0.86 0.95
  originRootsThenLeaves                    6/6    324.3 [303,349.3]          71      2     0     0/920     116.5 283.1 462.7   14.2   29 29.9   0.45 0.67 0.88 0.96
  misplaced                                6/6      475 [399.4,505.8]      94.7   51.3     0     0/920     100.1 174.1 290.5      9 19.4   29   0.17 0.51 0.86 0.95
  balanced+canopyOrigin                    6/6      363 [354.2,374.1]     116.6      0     1    90/920     103.1 241.2 430.4   13.1 28.5   29   0.25 0.55 0.84 0.94
  situational+canopyOrigin                 6/6    288.6 [276.8,302.9]      97.4   40.3     1    90/920     115.6 334.6 606.1   15.2   29   31   0.45 0.67 0.88 0.96
  situational+canopyThenReserve            6/6    288.6 [276.8,302.9]      97.4   40.3     1    90/920     115.6 334.6 606.1   15.2   29   31   0.45 0.67 0.88 0.96
  situational+rootNetworkOrigin            6/6    314.7 [292.8,337.4]     104.6   41.2     1    90/920     110.7   292 536.7   15.2   29 29.3   0.45 0.78 0.99 1.00
  situational+everywhere                   6/6    424.3 [401.8,444.6]     106.2   47.5   4.8 808.3/920       110 286.5 547.7   15.2   29   29   0.45 0.67 0.88 0.96
  situational+rootNetworkMarginal          6/6    291.2 [281.6,304.6]      75.6   41.8     0     0/920     109.9 297.8 541.1   15.2   29 32.5   0.45 0.67 0.88 0.96
  situational+seedReserveFrontier          6/6    312.3 [293,331.4]        88.4   41.2     1    90/920     109.9 288.7 526.1   15.2   29 31.3   0.45 0.67 0.88 0.96
  balanced+rootNetworkMarginal             6/6    364.4 [339.7,377.9]        83      0     0     0/920       101 229.1 387.2   13.1 28.9 29.1   0.25 0.55 0.84 0.94

## focus vs Balanced — mean win-time change in seconds (negative = faster; averaged over each world's recipes)
  world                                               originRoots  rootsEverywhere leavesEverywhere  seedsEverywhere      situational        misplaced
  first_bloom                                                 6.4             -9.1            -20.2             50.8            -63.1             69.4
  oa_seed_13 (attempt 6, Eos-227)                            14.3             15.6               16              -23            -60.9             87.5
  oa_seed_8 (attempt 1, Coriol-220)                           -18            -39.1             83.7            -24.4           -121.3              109
  desert_seed_25 (attempt 0, Umbra-584)                      18.4             15.7             54.9             36.2            -66.4            151.5
  desert_seed_9 (attempt 1, Borea-935)                        5.3             -0.3              0.6             33.7            -71.9            115.2

(200513 ms)
wrote docs/evidence/bloom-010/colony-study.json
