
## first_bloom · wet   (seedOut → cold → flood → cold → heat → salt → earlyMat → seedOut)
  policy                                   won   win s (range)          1st buy  clicks  specs local/global  earned@60/120/180    cov%@60/120/180  originEst@30/60/120/180
  balanced                                 8/8    344.8 [334.6,359.8]      86.8      0     0     0/1030     93.1 213.6 395.7   17.3 33.7 41.9   0.12 0.38 0.74 0.89
  originRoots                              8/8      351 [324,368.2]        85.9      1     0     0/1030     93.1 220.3 407.2   18.3 34.4 42.1   0.23 0.68 0.96 1.00
  originLeaves                             8/8    321.1 [308,334.9]        94.1      1     0     0/1030     79.6 200.6   421   10.3 30.4 41.3   0.08 0.24 0.65 0.85
  originSeeds                              8/8    362.5 [340.6,384.5]      87.1      1     0     0/1030     91.8 219.3 382.2   20.3   35 41.8   0.18 0.47 0.78 0.91
  leavesEverywhere                         8/8    326.7 [318.6,343.5]      92.6      7     0     0/1051.3   82.5 200.6 398.1    9.7 22.9 38.3   0.08 0.24 0.65 0.85
  rootsEverywhere                          8/8    340.7 [314.1,367.7]      82.3      7     0     0/1030     93.2 252.8 434.5   18.6 35.3 44.4   0.23 0.68 0.96 1.00
  seedsEverywhere                          8/8    395.2 [358.2,416.5]      85.3      7     0     0/1030     99.7 217.4 367.1     24 35.3 42.8   0.19 0.47 0.78 0.91
  situational                              8/8    283.6 [271.7,295.5]        81   30.4     0     0/1030     91.9 270.1 508.2     19 35.3 47.7   0.23 0.55 0.81 0.92
  situationalSeedFirst                     8/8    275.9 [255.5,291.7]      75.1   33.1     0     0/1030      105 293.6 548.2     24 36.3 51.1   0.19 0.48 0.78 0.91
  originRootsThenLeaves                    8/8    298.1 [274.4,316]        77.3      2     0     0/1030     96.4 277.1 501.1   18.1 34.7 47.1   0.23 0.54 0.81 0.92
  misplaced                                8/8    414.2 [394.7,451.5]      93.4   36.4     0     0/1030     82.5 188.5 331.8    9.7 22.7 36.4   0.08 0.24 0.74 0.90
  balanced+canopyOrigin                    8/8    332.1 [320,347.5]       117.2      0     1    90/1030     93.2 238.9 465.9   17.3 31.2 39.3   0.12 0.38 0.74 0.89
  situational+canopyOrigin                 8/8    268.8 [256.6,276.5]     102.3   30.1     1    90/1030     92.9 318.8 622.4     19 35.2 46.1   0.23 0.55 0.81 0.92
  situational+canopyThenReserve            8/8    268.8 [256.6,276.5]     102.3   30.1     1    90/1030     92.9 318.8 622.4     19 35.2 46.1   0.23 0.55 0.81 0.92
  situational+rootNetworkOrigin            8/8    297.9 [288.2,312.8]       108   30.6     1    90/1030       92   283 531.5     19 35.1 42.7   0.23 0.57 0.97 1.00
  situational+everywhere                   8/8    379.1 [336.8,426.2]     106.4     31   4.9 818.8/1030     92.6 295.6 593.5     19 35.2 38.4   0.23 0.55 0.81 0.92

## first_bloom · terraformWater   (seedOut → heat → salt → cold → humid → humid)
  policy                                   won   win s (range)          1st buy  clicks  specs local/global  earned@60/120/180    cov%@60/120/180  originEst@30/60/120/180
  balanced                                 8/8    356.7 [344.6,363.7]      86.8      0     0     0/1100     93.1 213.6 384.8   17.3 33.7 38.1   0.12 0.38 0.74 0.89
  originRoots                              8/8    363.4 [335.5,376.3]      85.9      1     0     0/1100     93.1 220.3 390.2   18.3 34.4 38.6   0.23 0.68 0.96 1.00
  originLeaves                             8/8    331.4 [317.3,341.9]      94.1      1     0     0/1100     79.6 200.6   416   10.3 30.4 37.2   0.08 0.24 0.65 0.85
  originSeeds                              8/8    371.6 [339.7,405.3]      87.1      1     0     0/1100     91.8 219.3 385.5   20.3   35 38.5   0.18 0.47 0.78 0.91
  leavesEverywhere                         8/8    334.5 [322.4,342.4]      92.6      7     0     0/1100     82.5 200.6 404.9    9.7 22.9 35.2   0.08 0.24 0.65 0.85
  rootsEverywhere                          8/8    342.7 [319.7,368.8]      82.3      7     0     0/1100     93.2 252.8 449.2   18.6 35.3 40.6   0.23 0.68 0.96 1.00
  seedsEverywhere                          8/8      408 [366.1,432.2]      85.3      7     0     0/1100     99.7 217.4 372.2     24 35.3 39.7   0.19 0.47 0.78 0.91
  situational                              8/8    291.7 [281.4,300.6]        81   30.3     0     0/1100     91.9 269.9   519     19 35.3 42.2   0.23 0.55 0.81 0.92
  situationalSeedFirst                     8/8    283.9 [266.9,301.1]      75.1   29.5     0     0/1100      105 292.2 540.2     24 35.5 50.1   0.19 0.48 0.78 0.91
  originRootsThenLeaves                    8/8    311.4 [299.8,326.7]      77.3      2     0     0/1100     96.4 277.1 503.6   18.1 34.5 41.9   0.23 0.54 0.81 0.92
  misplaced                                8/8    426.1 [385.3,466.9]      93.4   40.5     0     0/1100     82.5 188.5 326.7    9.7 22.7 34.9   0.08 0.24 0.74 0.90
  balanced+canopyOrigin                    8/8    342.4 [328.8,349.1]     117.2      0     1    90/1100     93.2 238.9 464.1   17.3 31.2 36.1   0.12 0.38 0.74 0.89
  situational+canopyOrigin                 8/8    277.7 [268.3,291]       102.3   30.3     1    90/1100     92.9 318.8 618.1     19 35.2   42   0.23 0.55 0.81 0.92
  situational+canopyThenReserve            8/8    277.7 [268.3,291]       102.3   30.3     1    90/1100     92.9 318.8 618.1     19 35.2   42   0.23 0.55 0.81 0.92
  situational+rootNetworkOrigin            8/8    309.3 [290.7,323.5]       108   30.6     1    90/1100       92   283 537.5     19 35.1 37.6   0.23 0.57 0.97 1.00
  situational+everywhere                   8/8    379.8 [355,410.7]       106.4   30.1     5   850/1100     92.6 295.6 594.7     19 35.2 36.2   0.23 0.55 0.81 0.92

## oa_seed_13 (attempt 6, Eos-227) · strategy1   (witness strategy recipe)
  policy                                   won   win s (range)          1st buy  clicks  specs local/global  earned@60/120/180    cov%@60/120/180  originEst@30/60/120/180
  balanced                                 6/6    529.4 [428.6,608.6]      83.7      0     0     0/650      96.7 197.5 307.5   13.3 13.7 13.8   0.15 0.35 0.65 0.81
  originRoots                              6/6      547 [482.6,624.6]      88.9      1     0     0/650      91.7 201.3 287.3   13.7 13.7 13.7   0.30 0.65 0.92 0.98
  originLeaves                             6/6    532.5 [414.1,712]        91.4      1     0     0/650        94   195 323.3   11.6 13.7 14.6   0.12 0.28 0.60 0.78
  originSeeds                              6/6    543.9 [487.8,641.3]      81.1      1     0     0/650     107.9   192 277.8   13.7 13.7 13.7   0.19 0.40 0.67 0.82
  leavesEverywhere                         6/6      553 [427.5,628.8]      91.4   11.7     0     0/650        94   195 321.2   11.6 13.7 14.1   0.12 0.28 0.60 0.78
  rootsEverywhere                          6/6    563.4 [423.8,747.4]      88.9     12     0     0/650      91.7 201.3 287.3   13.7 13.7 13.7   0.30 0.65 0.92 0.98
  seedsEverywhere                          6/6    476.1 [459.8,503.2]      81.1   11.3     0     0/650     107.9   192 277.8   13.7 13.7 13.7   0.19 0.40 0.67 0.82
  situational                              6/6    450.4 [369.6,530.6]      75.5   32.7     0     0/650     102.6 236.6 351.9   13.7 13.7 15.7   0.30 0.53 0.74 0.86
  situationalSeedFirst                     6/6    426.4 [343,458.6]        74.2   42.2     0     0/650     113.2 234.1 348.8   13.7 13.7 13.9   0.19 0.46 0.70 0.84
  originRootsThenLeaves                    6/6    509.9 [432.3,656.5]        76      2     0     0/650       105 234.6   358   13.6 13.7   14   0.30 0.52 0.74 0.86
  misplaced                                6/6    616.1 [518.4,751.5]      95.8   32.2     0     0/650        94 170.4 245.9   11.6 13.7 13.7   0.12 0.28 0.63 0.80
  balanced+canopyOrigin                    6/6    510.7 [446.9,581.8]     109.1      0     1    90/650      96.7 208.2 342.1   13.3 13.7 13.7   0.15 0.35 0.65 0.81
  situational+canopyOrigin                 6/6    430.6 [380.8,466.4]     109.4   34.2     1    90/650     104.5 266.6 417.7   13.7 13.7   14   0.30 0.53 0.74 0.86
  situational+canopyThenReserve            6/6    427.4 [386.7,488]       109.4   34.5     2   220/650     104.5 266.6 417.7   13.7 13.7   14   0.30 0.53 0.74 0.86
  situational+rootNetworkOrigin            6/6    459.8 [409.4,499.8]     116.4   32.8     1    90/650     102.8 241.9 367.9   13.7 13.7 13.7   0.30 0.57 0.93 0.99
  situational+everywhere                   6/6    528.7 [437.4,612]       110.1   33.8   4.2 648.3/650     103.9 261.3 410.2   13.7 13.7   14   0.30 0.53 0.74 0.86

## oa_seed_13 (attempt 6, Eos-227) · strategy2   (witness strategy recipe)
  policy                                   won   win s (range)          1st buy  clicks  specs local/global  earned@60/120/180    cov%@60/120/180  originEst@30/60/120/180
  balanced                                 6/6      441 [398.4,470.9]      83.7      0     0     0/670      96.7 197.5 307.5   13.3 13.7 13.8   0.15 0.35 0.65 0.81
  originRoots                              6/6      452 [402.2,517.8]      88.9      1     0     0/670      91.7 201.3 287.3   13.7 13.7 13.7   0.30 0.65 0.92 0.98
  originLeaves                             6/6    415.5 [355.5,484]        91.4      1     0     0/670        94   195 323.3   11.6 13.7 14.6   0.12 0.28 0.60 0.78
  originSeeds                              6/6    476.7 [423,520.2]        81.1      1     0     0/670     107.9   192 277.8   13.7 13.7 13.7   0.19 0.40 0.67 0.82
  leavesEverywhere                         6/6    449.3 [407.8,484.2]      91.4    9.3     0     0/670        94   195 321.2   11.6 13.7 14.1   0.12 0.28 0.60 0.78
  rootsEverywhere                          6/6    438.2 [385.4,522.2]      88.9    9.3     0     0/670      91.7 201.3 287.3   13.7 13.7 13.7   0.30 0.65 0.92 0.98
  seedsEverywhere                          6/6    448.3 [393.4,484.8]      81.1    9.7     0     0/670     107.9   192 277.8   13.7 13.7 13.7   0.19 0.40 0.67 0.82
  situational                              6/6    398.2 [357.8,446.2]      75.5   21.5     0     0/670     102.6 236.6 351.9   13.7 13.7 15.7   0.30 0.53 0.74 0.86
  situationalSeedFirst                     6/6    376.7 [327,430.9]        74.2     28     0     0/670     113.2 234.1 348.8   13.7 13.7 13.9   0.19 0.46 0.70 0.84
  originRootsThenLeaves                    6/6    395.4 [382.6,407.8]        76      2     0     0/670       105 234.6   358   13.6 13.7   14   0.30 0.52 0.74 0.86
  misplaced                                6/6    529.2 [481.1,573.9]      95.8   25.3     0     0/670        94 170.4 245.9   11.6 13.7 13.7   0.12 0.28 0.63 0.80
  balanced+canopyOrigin                    6/6    417.1 [382.2,441.1]     109.1      0     1    90/670      96.7 208.2 342.1   13.3 13.7 13.7   0.15 0.35 0.65 0.81
  situational+canopyOrigin                 6/6      376 [337.9,427.5]     109.4   22.5     1    90/670     104.5 266.6 417.7   13.7 13.7   14   0.30 0.53 0.74 0.86
  situational+canopyThenReserve            6/6    375.5 [337.9,428.5]     109.4   22.5   1.5   155/670     104.5 266.6 417.7   13.7 13.7   14   0.30 0.53 0.74 0.86
  situational+rootNetworkOrigin            6/6    439.9 [404.8,485.8]     116.4     22     1    90/670     102.8 241.9 367.9   13.7 13.7 13.7   0.30 0.57 0.93 0.99
  situational+everywhere                   6/6    545.7 [466.9,632.2]     110.1     22     4 606.7/670     103.9 261.3 410.2   13.7 13.7   14   0.30 0.53 0.74 0.86

## oa_seed_8 (attempt 1, Coriol-220) · strategy1   (witness strategy recipe)
  policy                                   won   win s (range)          1st buy  clicks  specs local/global  earned@60/120/180    cov%@60/120/180  originEst@30/60/120/180
  balanced                                 6/6    507.8 [477.9,563]        78.9      0     0     0/660     106.4 217.9 336.7   17.4 31.6 38.2   0.30 0.49 0.73 0.86
  originRoots                              6/6    478.5 [437.6,513.8]      78.6      1     0     0/660     111.8 221.8   335   17.4 31.6 39.1   0.56 0.80 0.96 0.99
  originLeaves                             6/6      468 [378.7,605.6]      73.3      1     0     0/660     112.5 240.3 377.9   15.8 31.6 40.3   0.30 0.49 0.73 0.85
  originSeeds                              6/6      487 [438.4,537.6]      85.8      1     0     0/660      88.6 199.9 309.4   17.7   30 37.5   0.30 0.49 0.73 0.86
  leavesEverywhere                         6/6    572.6 [494.6,728.2]        71   10.3     0     0/660     123.8   246 376.1     11 25.4 33.8   0.30 0.49 0.73 0.85
  rootsEverywhere                          6/6    460.5 [430.1,480.6]      68.2    9.2     0     0/660       125 224.5 340.6   19.5 34.4 38.7   0.56 0.80 0.96 0.99
  seedsEverywhere                          6/6    474.9 [433.8,551.2]      93.6   11.3     0     0/660      93.4 192.6 283.2   24.5 36.6 38.1   0.30 0.49 0.73 0.86
  situational                              6/6    378.5 [350.1,414.4]      62.2   26.2     0     0/660     135.2 264.8 441.1   19.9 35.2 41.8   0.48 0.62 0.80 0.89
  situationalSeedFirst                     6/6    346.4 [293.4,376]          70   28.2     0     0/660     118.5 262.3 445.1   24.5 37.3 41.8   0.44 0.59 0.78 0.89
  originRootsThenLeaves                    6/6    540.7 [453.1,659]        68.9      2     0     0/660     124.2 245.7 390.1   17.8 31.4 40.9   0.48 0.62 0.80 0.89
  misplaced                                6/6    596.5 [512.5,691.2]      76.1   27.3     0     0/660     118.1   203 299.4     11 25.4 34.3   0.30 0.49 0.73 0.85
  balanced+canopyOrigin                    6/6      503 [434.4,591.4]     116.7      0     1    90/660     108.3 236.2 363.5   17.4 29.4 37.3   0.30 0.49 0.73 0.86
  situational+canopyOrigin                 6/6    388.3 [347.4,434.4]      97.5   26.3     1    90/660     142.2 304.5 483.4   19.2   33 40.8   0.48 0.62 0.80 0.89
  situational+canopyThenReserve            6/6    402.3 [360.8,432]        97.5   29.7     2   220/660     142.2 304.5 483.4   19.2   33 40.8   0.48 0.62 0.80 0.89
  situational+rootNetworkOrigin            6/6    415.7 [379,452.6]       104.6   27.2     1    90/660     136.1 275.5 428.3   19.2 32.9   38   0.48 0.76 0.96 0.99
  situational+everywhere                   6/6    481.9 [448.3,528.5]      97.5   26.7   4.5   725/660     142.2 304.5   491   19.2   33 37.3   0.48 0.62 0.80 0.89

## oa_seed_8 (attempt 1, Coriol-220) · strategy2   (witness strategy recipe)
  policy                                   won   win s (range)          1st buy  clicks  specs local/global  earned@60/120/180    cov%@60/120/180  originEst@30/60/120/180
  balanced                                 6/6      520 [489.9,593]        78.9      0     0     0/710     106.4 217.9 336.7   17.4 31.6 38.2   0.30 0.49 0.73 0.86
  originRoots                              6/6    513.2 [491.8,553.9]      78.6      1     0     0/710     111.8 221.8   335   17.4 31.6 39.1   0.56 0.80 0.96 0.99
  originLeaves                             6/6    487.5 [407.8,627.5]      73.3      1     0     0/710     112.5 240.3 377.9   15.8 31.6 40.3   0.30 0.49 0.73 0.85
  originSeeds                              6/6    511.9 [486.1,542.1]      85.8      1     0     0/710      88.6 199.9 309.4   17.7   30 37.5   0.30 0.49 0.73 0.86
  leavesEverywhere                         6/6    622.5 [528,752.5]          71     11     0     0/710     123.8   246 376.1     11 25.4 33.8   0.30 0.49 0.73 0.85
  rootsEverywhere                          6/6    489.2 [453.4,526.4]      68.2    9.8     0     0/710       125 224.5 340.6   19.5 34.4 38.7   0.56 0.80 0.96 0.99
  seedsEverywhere                          6/6    504.1 [473.1,545.1]      93.6   11.5     0     0/710      93.4 192.6 283.2   24.5 36.6 38.1   0.30 0.49 0.73 0.86
  situational                              6/6    406.6 [349.3,454.7]      62.2   27.2     0     0/710     135.2 264.8 441.1   19.9 35.2 41.8   0.48 0.62 0.80 0.89
  situationalSeedFirst                     6/6    405.7 [370.7,445.3]        70   30.7     0     0/710     118.5 262.3 445.1   24.5 37.3 41.8   0.44 0.59 0.78 0.89
  originRootsThenLeaves                    6/6      553 [432.5,685]        68.9      2     0     0/710     124.2 245.7 390.1   17.8 31.4 40.9   0.48 0.62 0.80 0.89
  misplaced                                6/6    649.4 [589.4,705.9]      76.1   28.7     0     0/710     118.1   203 299.4     11 25.4 34.3   0.30 0.49 0.73 0.85
  balanced+canopyOrigin                    6/6      533 [490.6,631]       116.7      0     1    90/710     108.3 236.2 363.5   17.4 29.4 37.3   0.30 0.49 0.73 0.86
  situational+canopyOrigin                 6/6    415.4 [383.7,485.9]      97.5   27.7     1    90/710     142.2 304.5 483.4   19.2   33 40.8   0.48 0.62 0.80 0.89
  situational+canopyThenReserve            6/6    422.5 [399.8,443.5]      97.5   29.8     2   220/710     142.2 304.5 483.4   19.2   33 40.8   0.48 0.62 0.80 0.89
  situational+rootNetworkOrigin            6/6      454 [385.4,525.8]     104.6   27.3     1    90/710     136.1 275.5 428.3   19.2 32.9   38   0.48 0.76 0.96 0.99
  situational+everywhere                   6/6    502.8 [467.5,524.3]      97.5     26   4.5   725/710     142.2 304.5   491   19.2   33 37.3   0.48 0.62 0.80 0.89

(101121 ms)
wrote docs/evidence/bloom-009/colony-study.json
